4871.43838498
4830.54270132
4829.84955414
4811.82772745
4765.38686635
4660.0284949
4548.43179883
4497.13890747
4486.04855258
4446.53916329
4434.06251404
4428.5173366
4391.08738885
4355.73688264
4321.77267079
4290.58104767
4281.57013432
4279.49069278
4267.70719071
4260.08257172
4251.76480555
4230.97039014
4165.81455517
4125.61201869
4046.59324011
4029.26456059
4020.25364725
4000.84552619
3983.51684668
3950.24578201
3892.02141884
3809.53690436
3808.84375718
3787.35619458
3766.56177916
3745.76736375
3715.2688878
3659.12396618
3621.00087125
3579.41204041
3560.69706654
3544.75468138
3540.5957983
3523.96026597
3505.93843927
3482.37143513
3424.84021915
3351.36661801
3344.4351462
3341.66255748
3313.93667026
3277.89301687
3260.56433735
3259.87119017
3239.76992194
3210.65774035
3184.31814749
3177.38667569
3175.30723415
3140.64987512
3112.23084071
3085.19810067
3083.11865913
3072.02830424
3039.45038676
3007.56561645
3000.63414464
2997.86155592
2970.82881588
2943.10292866
2917.45648298
2916.7633358
2906.36612809
2871.70876906
2849.52805928
2846.75547056
2845.3691762
2833.58567413
2832.89252695
2832.89252695
2831.50623259
2822.49531924
2764.96410325
2764.96410325
2749.0217181
2627.7209615
2615.93745943
2615.93745943
2599.3019271
2588.90471939
2571.57603988
2560.48568499
2529.98720904
2504.34076336
2478.0011705
2398.28924474
2385.11944831
2376.10853496
2345.61005901
2308.18011126
2276.29534096
2237.47909885
2222.22986088
2208.36691726
2173.70955824
2141.13164075
2086.37301349
1999.03646873
1931.10804504
1869.41794597
1827.82911514
1824.36337923
1823.67023205
1823.67023205
1823.67023205
1823.67023205
1823.67023205
1823.67023205
1822.97708487
1811.88672998
1811.1935828
1811.1935828
1811.1935828
1811.1935828
1811.1935828
1811.1935828
1801.48952228
1780.69510686
1724.55018523
1680.18876568
1565.1263337
1565.1263337
1542.25247675
1502.74308745
1475.01720023
1454.22278481
1447.98446019
1445.90501865
1423.72430887
1389.76009702
1369.65882879
1352.33014927
1350.25070773
1350.25070773
1347.47811901
1340.5466472
1339.16035284
1331.53573386
1293.41263892
1293.41263892
1284.40172558
1201.22406391
1146.46543665
1142.30655356
1142.30655356
1138.14767048
1137.4545233
1137.4545233
1137.4545233
1137.4545233
1137.4545233
1137.4545233
1137.4545233
1137.4545233
1137.4545233
1137.4545233
1137.4545233
1137.4545233
1133.9887874
1133.9887874
1132.60249303
1132.60249303
1131.90934585
1131.90934585
1131.90934585
