4871.43838498
4835.39473159
4830.54270132
4816.67975771
4783.40869304
4711.32138627
4578.2371276
4516.54702853
4493.67317157
4475.65134488
4464.56098999
4446.53916329
4436.83510276
4432.67621968
4429.21048378
4425.74474788
4417.42698171
4386.23535858
4350.88485237
4323.85211233
4300.97825537
4294.04678357
4280.18383996
4273.94551533
4268.40033789
4206.01709164
4187.30211776
4163.04196644
4129.0777546
4127.69146023
4127.69146023
4127.69146023
4123.53257715
4051.44527037
4023.02623597
4012.62902826
4004.31126209
3986.98258258
3973.11963897
3940.54172148
3919.74730607
3880.23791677
3844.19426339
3813.69578744
3810.23005154
3808.15061
3808.15061
3789.43563612
3787.35619458
3787.35619458
3781.81101714
3779.03842841
3779.03842841
3776.26583969
3772.80010379
3772.80010379
3772.80010379
3762.40289608
3724.97294833
3695.16761957
3670.21432106
3649.41990565
3647.34046411
3632.78437331
3602.97904455
3553.07244755
3508.01788081
3388.79656576
3377.70621087
3376.31991651
3376.31991651
3304.92575691
3297.9942851
3297.9942851
3239.76992194
3231.45215577
3191.94276648
3144.11561102
3133.02525613
3130.25266741
3127.48007869
3121.93490124
3091.4364253
3091.4364253
3076.88033451
3041.5298283
3013.80394107
3007.56561645
3000.63414464
3000.63414464
2999.94099746
2992.31637848
2990.93008412
2990.23693694
2989.54378976
2989.54378976
2979.83972923
2974.29455178
2973.6014046
2973.6014046
2972.90825742
2972.90825742
2963.89734407
2963.89734407
2962.51104971
2962.51104971
2957.65901945
2956.27272509
2956.27272509
2956.27272509
2954.19328355
2953.50013637
2953.50013637
2952.113842
2951.42069482
2951.42069482
2943.79607584
2943.10292866
2942.40978148
2942.40978148
2941.7166343
2933.39886813
2933.39886813
2932.70572095
2930.62627941
2930.62627941
2924.38795478
2922.30851324
2921.61536606
2921.61536606
2920.92221888
2912.60445271
2912.60445271
2911.21815835
2910.52501117
2910.52501117
2902.207245
2901.51409782
2901.51409782
2900.82095064
2900.12780346
2899.43465628
2899.43465628
2893.19633166
2892.50318448
2892.50318448
2891.8100373
2891.8100373
2887.65115421
2887.65115421
2887.65115421
2883.49227113
2879.33338805
2876.56079932
2876.56079932
2876.56079932
2874.48135778
2874.48135778
2872.40191624
2872.40191624
2872.40191624
2871.01562188
2870.3224747
2870.3224747
2870.3224747
2870.3224747
2870.3224747
2870.3224747
2869.62932752
2868.93618034
2868.93618034
2868.24303316
2868.24303316
2867.54988598
2867.54988598
2866.16359162
2866.16359162
2864.77729725
2857.84582545
2855.76638391
2855.76638391
2855.07323673
2842.59658748
2842.59658748
2778.13389968
2774.66816378
2773.9750166
2773.9750166
2723.37527242
2719.90953652
2690.79735493
2658.91258463
2648.51537692
2641.58390511
2635.34558049
2617.32375379
2602.767663
2575.04177578
2574.3486286
2568.80345116
2518.89685415
2468.99025715
2453.74101918
2433.63975095
2428.78772068
2398.98239192
2386.50574267
2376.10853496
2366.40447443
2357.39356108
2351.15523646
2345.61005901
2326.20193796
2317.88417179
2313.03214153
2301.24863946
2288.77199021
2288.07884303
2286.69254867
2279.06792968
2275.60219378
2272.13645788
2271.44331069
2261.73925017
2251.34204246
2242.33112911
2229.16133268
2220.15041933
2210.44635881
2201.43544546
2185.49306031
2173.01641106
2161.92605617
2157.76717308
2156.38087872
2143.90422947
2133.50702176
2129.34813868
2127.96184432
2123.80296124
2121.03037251
2119.64407815
2112.01945917
2109.24687044
2105.78113454
2105.78113454
2096.07707401
2085.6798663
2071.81692269
2064.19230371
2055.18139036
2044.09103547
2035.08012212
2014.97885389
2006.66108772
1997.65017437
1985.8666723
1974.77631742
1967.84484561
1962.99281535
1960.9133738
1953.981902
1953.28875482
1946.35728301
1945.66413583
1944.97098865
1940.81210557
1938.73266403
1932.4943394
1925.5628676
1924.86972041
1923.48342605
1918.63139579
1913.77936553
1872.19053469
1852.08926646
1852.08926646
1824.36337923
1801.48952228
1801.48952228
1801.48952228
1801.48952228
1801.48952228
1801.48952228
1801.48952228
1801.48952228
1801.48952228
1801.48952228
1801.48952228
1801.48952228
1801.48952228
1801.48952228
1800.79637509
1799.41008073
1799.41008073
1799.41008073
1799.41008073
1799.41008073
1799.41008073
1799.41008073
1797.33063919
1797.33063919
1797.33063919
1797.33063919
1797.33063919
1797.33063919
1797.33063919
1797.33063919
1797.33063919
1797.33063919
1797.33063919
1797.33063919
1797.33063919
1791.78546175
1781.38825404
1753.66236682
1730.78850986
1696.82429801
1665.63267489
1536.7072993
1536.7072993
1535.32100494
1535.32100494
1535.32100494
1535.32100494
1535.32100494
1535.32100494
1535.32100494
1535.32100494
1535.32100494
1535.32100494
1535.32100494
1535.32100494
1535.32100494
1535.32100494
1535.32100494
1534.62785776
1533.2415634
1533.2415634
1531.85526904
1531.85526904
1529.7758275
1529.08268032
1528.38953313
1527.69638595
1527.69638595
1523.53750287
1523.53750287
1520.76491415
1520.76491415
1520.76491415
1517.99232543
1515.91288388
1515.2197367
1515.2197367
1513.83344234
1511.06085362
1508.98141208
1508.98141208
1502.04994027
1500.66364591
1499.97049873
1499.27735155
1492.34587975
1488.18699666
1486.8007023
1486.8007023
1486.10755512
1485.41440794
1475.71034741
1475.71034741
1471.55146433
1466.00628688
1464.61999252
1464.61999252
1460.46110944
1454.915932
1454.915932
1454.22278481
1450.75704891
1450.06390173
1450.06390173
1446.59816583
1445.21187147
1441.74613556
1441.74613556
1437.58725248
1436.8941053
1434.81466376
1434.81466376
1429.9626335
1429.9626335
1424.41745605
1409.16821808
1382.13547804
1352.33014927
1343.31923593
1340.5466472
1340.5466472
1337.77405848
1337.77405848
1336.38776412
1335.00146976
1334.30832258
1333.6151754
1333.6151754
1332.22888104
1332.22888104
1330.14943949
1330.14943949
1326.68370359
1320.44537897
1320.44537897
1315.5933487
1294.79893329
1292.02634456
1292.02634456
1290.6400502
1288.56060866
1288.56060866
1279.54969531
1274.00451787
1268.45934042
1255.98269117
1255.98269117
1247.66492501
1239.34715884
1190.8268562
1136.06822894
1136.06822894
1134.68193458
1133.9887874
1133.9887874
1133.9887874
1130.52305149
1130.52305149
1130.52305149
1130.52305149
1130.52305149
1130.52305149
1130.52305149
1130.52305149
1130.52305149
1130.52305149
1130.52305149
1130.52305149
1130.52305149
1130.52305149
1130.52305149
1130.52305149
1130.52305149
1130.52305149
1130.52305149
1130.52305149
1130.52305149
1130.52305149
1130.52305149
1127.05731559
1127.05731559
1127.05731559
1127.05731559
1127.05731559
1127.05731559
1127.05731559
1126.36416841
1126.36416841
1125.67102123
1125.67102123
1125.67102123
1125.67102123
1124.97787405
1124.97787405
1124.97787405
1124.97787405
1124.97787405
1124.97787405
1124.97787405
1124.97787405
