4871.43838498
4843.71249775
4820.83864079
4761.22798327
4605.96301482
4518.62647007
4486.74169976
4479.81022796
4456.24322382
4420.89271761
4351.57799956
4212.25541626
4133.92978486
4113.13536944
4103.43130891
4079.1711576
4027.18511905
3922.51989479
3781.11786995
3748.53995247
3729.13183141
3720.12091807
3693.7813252
3653.57878873
3558.61762499
3438.70316276
3424.84021915
3423.45392479
3423.45392479
3422.76077761
3416.52245298
3416.52245298
3416.52245298
3416.52245298
3416.52245298
3411.67042272
3404.04580373
3375.62676933
3338.88996876
3311.16408153
3277.19986969
3245.31509938
3242.54251066
3231.45215577
3218.97550652
3207.19200445
3203.03312137
3158.67170181
3139.26358076
3110.84454635
3080.34607041
3048.4613001
3009.64505799
2992.31637848
2983.99861231
2978.45343487
2978.45343487
2978.45343487
2978.45343487
2978.45343487
2978.45343487
2978.45343487
2978.45343487
2978.45343487
2978.45343487
2978.45343487
2978.45343487
2978.45343487
2978.45343487
2978.45343487
2978.45343487
2978.45343487
2978.45343487
2978.45343487
2978.45343487
2977.0671405
2977.0671405
2972.21511024
2957.65901945
2952.113842
2950.03440046
2947.26181174
2947.26181174
2946.56866456
2946.56866456
2946.56866456
2946.56866456
2946.56866456
2946.56866456
2946.56866456
2946.56866456
2946.56866456
2946.56866456
2946.56866456
2941.7166343
2936.17145685
2933.39886813
2931.31942659
2931.31942659
2930.62627941
2928.54683787
2927.1605435
2925.08110196
2925.08110196
2925.08110196
2923.6948076
2893.88947884
2863.39100289
2837.74455721
2796.84887356
2766.35039761
2760.80522017
2760.80522017
2730.30674423
2722.68212524
2717.13694779
2701.88770982
2688.71791339
2685.25217749
2683.86588313
2677.6275585
2627.02781432
2605.54025172
2508.49964645
2504.34076336
2504.34076336
2504.34076336
2504.34076336
2504.34076336
2504.34076336
2504.34076336
2504.34076336
2504.34076336
2504.34076336
2504.34076336
2503.64761618
2500.87502746
2446.1164002
2364.32503289
2315.80473025
2311.64584717
2311.64584717
2311.64584717
2311.64584717
2311.64584717
2311.64584717
2311.64584717
2311.64584717
2311.64584717
2311.64584717
2311.64584717
2311.64584717
2303.328081
2272.82960506
2234.01336294
2201.43544546
2178.5615885
2165.39179207
2159.84661462
2157.76717308
2157.0740259
2157.0740259
2157.0740259
2157.0740259
2156.38087872
2156.38087872
2156.38087872
2156.38087872
2156.38087872
2156.38087872
2156.38087872
2156.38087872
2156.38087872
2147.36996537
2123.10981406
2060.03342062
2005.96794054
2003.19535182
2003.19535182
2003.19535182
2003.19535182
2003.19535182
2003.19535182
2003.19535182
2003.19535182
2003.19535182
2003.19535182
2003.19535182
2000.4227631
1973.39002305
1944.97098865
1913.08621835
1881.89459522
1850.00982491
1840.30576439
1840.30576439
1837.53317566
1831.29485104
1820.89764333
1816.04561307
1808.42099408
1808.42099408
1808.42099408
1808.42099408
1808.42099408
1808.42099408
1808.42099408
1808.42099408
1808.42099408
1808.42099408
1808.42099408
1808.42099408
1808.42099408
1808.42099408
1808.42099408
1808.42099408
1808.42099408
1808.42099408
1807.7278469
1802.87581664
1781.38825404
1720.39130215
1656.62176154
1620.57810815
1608.1014589
1608.1014589
1574.13724705
1538.78674084
1500.66364591
1469.47202279
1434.12151658
1404.31618781
1371.73827033
1336.38776412
1305.19614099
1272.61822351
1242.11974756
1211.62127162
1178.35020695
1151.31746691
1137.4545233
1127.75046277
1127.05731559
1127.05731559
1127.05731559
1127.05731559
