4871.43838498
4829.84955414
4822.91808234
4822.91808234
4822.91808234
4813.21402181
4788.95387049
4734.8883904
4693.29955957
4527.63738342
4511.69499826
4511.69499826
4493.67317157
4455.55007664
4418.81327607
4385.5422114
4346.72596929
4326.62470106
4321.77267079
4321.77267079
4321.77267079
4321.77267079
4319.69322925
4317.61378771
4296.12622511
4258.69627736
4224.73206551
4185.22267622
4158.88308336
4148.48587565
4147.79272847
4147.79272847
4147.79272847
4147.79272847
4147.79272847
4147.79272847
4147.79272847
4147.79272847
4147.79272847
4147.79272847
4147.79272847
4120.06684125
4106.89704482
4099.27242583
4092.34095403
4090.95465966
4090.95465966
4090.95465966
4090.95465966
4090.95465966
4090.95465966
4090.95465966
4090.95465966
4090.95465966
4090.95465966
4089.5683653
4074.31912733
4032.03714932
3949.55263483
3829.63817259
3764.48233762
3761.7097489
3760.32345454
3760.32345454
3760.32345454
3760.32345454
3760.32345454
3760.32345454
3758.93716018
3747.84680529
3724.27980115
3717.34832934
3713.88259344
3706.25797445
3702.09909137
3702.09909137
3702.09909137
3701.40594419
3701.40594419
3701.40594419
3701.40594419
3701.40594419
3701.40594419
3701.40594419
3701.40594419
3701.40594419
3701.40594419
3701.40594419
3701.40594419
3701.40594419
3691.70188366
3663.28284926
3620.30772406
3590.5023953
3552.37930037
3541.28894548
3537.1300624
3537.1300624
3537.1300624
3537.1300624
3533.66432649
3530.89173777
3503.16585055
3468.50849152
3429.69224941
3397.8074791
3377.70621087
3377.70621087
3377.70621087
3377.70621087
3377.70621087
3377.70621087
3377.70621087
3377.70621087
3377.70621087
3377.70621087
3377.70621087
3377.70621087
3377.70621087
3372.8541806
3349.98032365
3341.66255748
3334.73108567
3332.65164413
3326.41331951
3326.41331951
3322.9475836
3320.86814206
3320.86814206
3320.86814206
3320.86814206
3320.86814206
3320.86814206
3320.86814206
3320.86814206
3319.4818477
3316.0161118
3315.32296462
3314.62981744
3314.62981744
3314.62981744
3314.62981744
3309.77778717
3288.98337176
3282.74504713
3277.89301687
3275.12042815
3267.49580916
3265.41636762
3265.41636762
3265.41636762
3265.41636762
3265.41636762
3265.41636762
3265.41636762
3265.41636762
3265.41636762
3263.33692608
3257.09860145
3232.83845013
3101.83363301
3009.64505799
2934.09201531
2923.00166042
2920.2290717
2882.10597677
2845.3691762
2810.01866999
2780.21334123
2757.33948427
2749.0217181
2744.86283502
2744.86283502
2744.86283502
2744.86283502
2742.78339348
2740.01080475
2727.5341555
2692.18364929
2659.60573181
2623.56207842
2597.22248556
2582.66639477
2577.8143645
2575.73492296
2561.17883217
2554.94050754
2552.16791882
2548.70218292
2538.30497521
2538.30497521
2538.30497521
2538.30497521
2538.30497521
2538.30497521
2538.30497521
2538.30497521
2538.30497521
2538.30497521
2537.61182803
2532.06665059
2527.9077675
2526.52147314
2525.82832596
2525.82832596
2525.82832596
2525.13517878
2505.72705772
2495.32985002
2487.01208385
2478.69431768
2477.30802332
2472.45599306
2471.76284588
2469.68340434
2469.68340434
2469.68340434
2469.68340434
2469.68340434
2469.68340434
2469.68340434
2468.99025715
2464.13822689
2451.66157764
2378.1879765
2297.08975638
2214.60524189
2187.57250185
2187.57250185
2175.0958526
2147.36996537
2103.00854582
2067.65803961
2049.63621292
2046.17047701
2046.17047701
2046.17047701
2046.17047701
2046.17047701
2046.17047701
2035.08012212
2002.50220464
1969.23113997
1936.65322248
1924.17657323
1919.32454297
1919.32454297
1917.93824861
1897.83698037
1892.29180293
1887.43977266
1882.5877424
1879.81515368
1869.41794597
1868.72479879
1868.72479879
1868.72479879
1868.72479879
1868.72479879
1868.72479879
1868.72479879
1868.72479879
1868.72479879
1868.72479879
1868.72479879
1868.72479879
1868.72479879
1868.72479879
1868.72479879
1868.72479879
1861.79332698
1845.85094183
1833.37429258
1826.44282078
1813.96617153
1798.71693355
1795.25119765
1780.69510686
1754.355514
1671.17785233
1630.28216868
1619.88496097
1619.88496097
1588.69333784
1552.64968445
1520.76491415
1491.65273257
1456.99537354
1453.52963763
1452.83649045
1425.80375041
1393.22583293
1359.95476826
1325.99055641
1303.11669945
1295.49208047
1295.49208047
1271.23192915
1236.57457012
1201.22406391
1172.80502951
1161.71467462
1156.16949717
1156.16949717
1143.69284792
1135.37508176
1134.68193458
1134.68193458
1134.68193458
1134.68193458
1133.9887874
1133.9887874
