4871.43838498
4831.92899568
4831.2358485
4807.66884436
4766.77316071
4660.0284949
4541.50032703
4498.52520183
4477.03763924
4441.68713303
4434.06251404
4418.81327607
4389.00794731
4353.6574411
4320.38637643
4291.96734203
4282.95642868
4280.87698714
4269.09348507
4261.46886608
4253.15109992
4232.3566845
4167.20084953
4126.99831305
4047.97953447
4031.34400214
4023.02623597
4002.23182055
3984.90314104
3951.63207637
3893.40771321
3810.23005154
3809.53690436
3788.04934176
3763.09604326
3744.38106938
3710.41685754
3659.81711336
3621.69401843
3580.79833477
3548.22041729
3545.44782856
3531.58488495
3501.77955619
3471.97422742
3447.02092892
3433.85113249
3433.85113249
3417.21560016
3386.02397704
3358.99123699
3316.0161118
3248.0876881
3248.0876881
3157.28540745
3144.8087582
3136.49099203
3019.34911852
3004.79302773
3004.79302773
3001.32729182
3001.32729182
2972.21511024
2940.33033994
2932.70572095
2930.62627941
2904.97983373
2877.2539465
2852.300648
2845.3691762
2835.66511567
2808.63237563
2794.76943202
2793.38313766
2792.68999048
2783.67907713
2778.82704686
2776.74760532
2776.74760532
2692.87679648
2692.87679648
2692.87679648
2621.48263688
2553.55421318
2553.55421318
2542.46385829
2518.89685415
2514.04482389
2512.65852953
2512.65852953
2512.65852953
2512.65852953
2512.65852953
2512.65852953
2496.0229972
2438.49178121
2369.17706315
2369.17706315
2310.95269999
2290.85143175
2281.14737122
2261.73925017
2222.22986088
2185.49306031
2151.52884846
2147.36996537
2128.6549915
2110.63316481
2086.37301349
2063.49915653
2037.15956367
2035.08012212
2035.08012212
2035.08012212
2035.08012212
2035.08012212
2014.97885389
1995.57073283
1968.53799279
1930.41489786
1918.63139579
1918.63139579
1895.06439165
1866.64535725
1837.53317566
1836.1468813
1836.1468813
1836.1468813
1836.1468813
1836.1468813
1836.1468813
1836.1468813
1836.1468813
1836.1468813
1836.1468813
1836.1468813
1836.1468813
1832.6811454
1832.6811454
1831.29485104
1831.29485104
1830.60170386
1830.60170386
1830.60170386
1830.60170386
1830.60170386
1830.60170386
1830.60170386
1830.60170386
1830.60170386
1830.60170386
1830.60170386
1830.60170386
1830.60170386
1830.60170386
1830.60170386
1830.60170386
1830.60170386
1830.60170386
1830.60170386
1830.60170386
1830.60170386
1830.60170386
1830.60170386
1830.60170386
1830.60170386
1830.60170386
1830.60170386
1830.60170386
1830.60170386
1830.60170386
1830.60170386
1830.60170386
1830.60170386
1829.2154095
1817.43190743
1796.63749201
1775.14992941
1714.15297752
1642.06567075
1634.44105176
1633.0547574
1603.94257582
1568.59206961
1550.57024291
1549.87709573
1529.08268032
1497.19791001
1470.16516997
1466.69943406
1455.60907918
1427.19004477
1398.07786319
1384.21491958
1381.44233086
1353.02329645
1324.60426205
1297.57152201
1290.6400502
1287.86746148
1252.51695527
1223.40477369
1206.76924135
1206.07609417
1180.42964849
1157.55579154
1140.22711202
1138.14767048
1136.76137612
1132.60249303
1132.60249303
1132.60249303
