4871.43838498
4853.41655828
4836.08787877
4787.56757613
4674.5845857
4533.87570804
4496.44576029
4466.64043153
4436.14195558
4382.76962268
4234.43612604
4144.32699257
4122.83942997
4111.74907508
4079.86430478
4016.09476416
3869.84070907
3784.58360586
3738.14274476
3735.37015604
3720.12091807
3691.00873648
3634.17066768
3462.2701669
3442.16889866
3432.46483813
3431.77169095
3431.77169095
3428.30595505
3424.84021915
3424.84021915
3424.84021915
3424.84021915
3424.84021915
3417.90874734
3399.88692065
3366.61585598
3366.61585598
3352.75291237
3352.75291237
3334.03793849
3334.03793849
3311.85722872
3311.85722872
3304.92575691
3289.67651894
3283.43819431
3270.26839788
3264.03007326
3250.86027683
3248.0876881
3243.92880502
3236.99733321
3236.99733321
3233.53159731
3231.45215577
3221.74809524
3214.81662344
3201.64682701
3167.68261516
3160.05799617
3128.17322587
3065.78997962
3006.87246927
3002.02043901
3001.32729182
3001.32729182
3001.32729182
3001.32729182
3001.32729182
3001.32729182
3001.32729182
3001.32729182
3001.32729182
3001.32729182
3001.32729182
3001.32729182
3001.32729182
3001.32729182
3001.32729182
3001.32729182
3001.32729182
3001.32729182
3001.32729182
2996.47526156
2969.44252152
2939.63719275
2915.37704144
2871.70876906
2843.98288184
2839.13085157
2839.13085157
2839.13085157
2839.13085157
2839.13085157
2839.13085157
2839.13085157
2839.13085157
2839.13085157
2839.13085157
2839.13085157
2839.13085157
2839.13085157
2839.13085157
2839.13085157
2838.43770439
2821.80217206
2820.4158777
2816.25699462
2815.56384743
2815.56384743
2815.56384743
2814.87070025
2814.17755307
2814.17755307
2813.48440589
2813.48440589
2812.79125871
2812.79125871
2812.79125871
2812.09811153
2811.40496435
2811.40496435
2811.40496435
2810.71181717
2810.71181717
2810.71181717
2810.71181717
2810.71181717
2810.71181717
2810.71181717
2810.71181717
2810.71181717
2810.71181717
2810.71181717
2810.71181717
2810.71181717
2810.71181717
2807.93922845
2794.07628484
2760.80522017
2746.94227656
2729.61359705
2720.6026837
2703.96715136
2687.33161903
2675.54811696
2655.44684873
2620.09634252
2618.01690097
2611.08542917
2604.15395736
2596.52933838
2540.38441675
2503.64761618
2426.70827914
2415.61792425
2414.92477707
2414.92477707
2414.92477707
2414.92477707
2414.92477707
2414.92477707
2414.92477707
2414.92477707
2414.92477707
2414.92477707
2414.92477707
2414.92477707
2414.92477707
2414.92477707
2414.92477707
2414.92477707
2414.92477707
2414.92477707
2414.92477707
2407.30015808
2396.90295038
2391.35777293
2383.73315395
2366.40447443
2363.63188571
2363.63188571
2363.63188571
2363.63188571
2363.63188571
2363.63188571
2363.63188571
2363.63188571
2363.63188571
2363.63188571
2363.63188571
2363.63188571
2363.63188571
2363.63188571
2351.84838364
2328.97452668
2301.94178664
2272.13645788
2248.56945374
2222.92300806
2204.90118136
2186.87935467
2175.0958526
2168.16438079
2157.0740259
2098.15651555
2076.66895296
2061.41971499
2014.28570671
1976.16261178
1947.05043019
1931.80119222
1911.69992398
1901.99586346
1895.75753883
1866.64535725
1833.37429258
1804.262111
1770.99104633
1744.65145347
1744.65145347
1734.94739294
1698.90373955
1667.01896925
1636.5204933
1600.47683991
1589.38648502
1589.38648502
1569.28521679
1533.2415634
1500.66364591
1468.77887561
1445.21187147
1432.73522222
1432.04207504
1427.88319195
1427.19004477
1427.19004477
1425.80375041
1425.80375041
1425.11060323
1425.11060323
1425.11060323
1423.72430887
1420.95172015
1420.95172015
1419.56542579
1419.56542579
1418.87227861
1418.87227861
1415.4065427
1414.02024834
1414.02024834
1407.78192372
1403.62304063
1403.62304063
1401.54359909
1401.54359909
1401.54359909
1400.85045191
1397.38471601
1396.69156883
1395.99842165
1375.89715341
1319.75223179
1267.76619324
1267.07304606
1267.07304606
1266.37989888
1266.37989888
1266.37989888
1266.37989888
1266.37989888
1266.37989888
1266.37989888
1266.37989888
1266.37989888
1266.37989888
1259.44842708
1243.50604192
1211.62127162
1173.49817669
1158.24893872
1137.4545233
1129.82990431
1129.13675713
1129.13675713
